State    wMAROut	wPCOut		wNPCOut		CNVZ	wALUOut		wMDROut		BCOND     	Time
  0             0	   xxxxxxxx	xxxxxxxx	xxxx	xxxxxxxx	00000082	x	                   0
  1            57	   00000000	00000004	xxxx	xxxxxxxx	00000000	x	                  61
  2             0	   00000000	00000004	xxxx	00000000	00000000	x	                  63
  3             0	   00000004	00000004	xxxx	00000000	00000000	x	                  65
  4             0	   00000004	00000008	xxxx	00000000	00000000	x	                  67
 11             0	   00000004	00000008	xxxx	xxxxxxxx	00000000	0	                  69
  1             0	   00000004	00000008	xxxx	0000002c	00000000	0	                  71
  2             4	   00000004	00000008	xxxx	00000004	00000000	0	                  73
  3             4	   00000008	00000008	xxxx	xxxxxxxx	00000000	0	                  75
  4             4	   00000008	0000000c	xxxx	xxxxxxxx	00000000	0	                  77
 20             4	   00000008	0000000c	xxxx	00000000	00000000	0	                  79
 21            44	   00000008	0000000c	xxxx	0000002c	00000000	0	                  81
 22            44	   00000008	0000000c	xxxx	00000000	00000000	0	                  83
 23            44	   00000008	0000000c	xxxx	00000000	00000019	0	                  85
  1            44	   00000008	0000000c	xxxx	00000019	00000019	0	                  87
  2             8	   00000008	0000000c	xxxx	00000008	00000019	0	                  89
  3             8	   0000000c	0000000c	xxxx	00000000	00000019	0	                  91
  4             8	   0000000c	00000010	xxxx	00000000	00000019	0	                  93
 30             8	   0000000c	00000010	xxxx	00000008	00000019	0	                  95
 21            46	   0000000c	00000010	xxxx	0000002e	00000019	0	                  97
 22            46	   0000000c	00000010	xxxx	00000008	00000019	0	                  99
 23            46	   0000000c	00000010	xxxx	00000008	00000007	0	                 101
  1            46	   0000000c	00000010	xxxx	00000007	00000007	0	                 103
  2            12	   0000000c	00000010	xxxx	0000000c	00000007	0	                 105
  3            12	   00000010	00000010	xxxx	00000008	00000007	0	                 107
  4            12	   00000010	00000014	xxxx	00000008	00000007	0	                 109
 10            12	   00000010	00000014	xxxx	00000000	00000007	0	                 111
  1            12	   00000010	00000014	xxxx	00000000	00000007	0	                 113
  2            16	   00000010	00000014	xxxx	00000010	00000007	0	                 115
  3            16	   00000014	00000014	xxxx	00000000	00000007	0	                 117
  4            16	   00000014	00000018	xxxx	00000000	00000007	0	                 119
 10            16	   00000014	00000018	xxxx	00000019	00000007	0	                 121
  1            16	   00000014	00000018	xxxx	00000019	00000007	0	                 123
  2            20	   00000014	00000018	xxxx	00000014	00000007	0	                 125
  3            20	   00000018	00000018	xxxx	00000032	00000007	0	                 127
  4            20	   00000018	0000001c	xxxx	00000032	00000007	0	                 129
 13            20	   00000018	0000001c	xxxx	ffffffdb	00000007	0	                 131
  1            20	   00000018	0000001c	0000	00000006	00000007	0	                 133
  2            24	   00000018	0000001c	0000	00000018	00000007	0	                 135
  3            24	   0000001c	0000001c	0000	ffffffda	00000007	0	                 137
  4            24	   0000001c	00000020	0000	ffffffda	00000007	0	                 139
 49            24	   0000001c	00000020	0000	xxxxxxxx	00000007	1	                 141
 50            28	   0000001c	00000020	0000	0000001c	00000007	1	                 143
  2            28	   0000001c	00000010	0000	xxxxxxxx	00000007	1	                 145
  3            28	   00000010	00000010	0000	xxxxxxxx	00000007	1	                 147
  4            28	   00000010	00000014	0000	xxxxxxxx	00000007	1	                 149
 10            28	   00000010	00000014	0000	00000000	00000007	0	                 151
  1            28	   00000010	00000014	0000	00000000	00000007	0	                 153
  2            16	   00000010	00000014	0000	00000010	00000007	0	                 155
  3            16	   00000014	00000014	0000	00000000	00000007	0	                 157
  4            16	   00000014	00000018	0000	00000000	00000007	0	                 159
 10            16	   00000014	00000018	0000	00000032	00000007	0	                 161
  1            16	   00000014	00000018	0000	00000032	00000007	0	                 163
  2            20	   00000014	00000018	0000	00000014	00000007	0	                 165
  3            20	   00000018	00000018	0000	0000004b	00000007	0	                 167
  4            20	   00000018	0000001c	0000	0000004b	00000007	0	                 169
 13            20	   00000018	0000001c	0000	ffffffda	00000007	0	                 171
  1            20	   00000018	0000001c	0000	00000005	00000007	0	                 173
  2            24	   00000018	0000001c	0000	00000018	00000007	0	                 175
  3            24	   0000001c	0000001c	0000	ffffffd9	00000007	0	                 177
  4            24	   0000001c	00000020	0000	ffffffd9	00000007	0	                 179
 49            24	   0000001c	00000020	0000	xxxxxxxx	00000007	1	                 181
 50            28	   0000001c	00000020	0000	0000001c	00000007	1	                 183
  2            28	   0000001c	00000010	0000	xxxxxxxx	00000007	1	                 185
  3            28	   00000010	00000010	0000	xxxxxxxx	00000007	1	                 187
  4            28	   00000010	00000014	0000	xxxxxxxx	00000007	1	                 189
 10            28	   00000010	00000014	0000	00000000	00000007	0	                 191
  1            28	   00000010	00000014	0000	00000000	00000007	0	                 193
  2            16	   00000010	00000014	0000	00000010	00000007	0	                 195
  3            16	   00000014	00000014	0000	00000000	00000007	0	                 197
  4            16	   00000014	00000018	0000	00000000	00000007	0	                 199
 10            16	   00000014	00000018	0000	0000004b	00000007	0	                 201
  1            16	   00000014	00000018	0000	0000004b	00000007	0	                 203
  2            20	   00000014	00000018	0000	00000014	00000007	0	                 205
  3            20	   00000018	00000018	0000	00000064	00000007	0	                 207
  4            20	   00000018	0000001c	0000	00000064	00000007	0	                 209
 13            20	   00000018	0000001c	0000	ffffffd9	00000007	0	                 211
  1            20	   00000018	0000001c	0000	00000004	00000007	0	                 213
  2            24	   00000018	0000001c	0000	00000018	00000007	0	                 215
  3            24	   0000001c	0000001c	0000	ffffffd8	00000007	0	                 217
  4            24	   0000001c	00000020	0000	ffffffd8	00000007	0	                 219
 49            24	   0000001c	00000020	0000	xxxxxxxx	00000007	1	                 221
 50            28	   0000001c	00000020	0000	0000001c	00000007	1	                 223
  2            28	   0000001c	00000010	0000	xxxxxxxx	00000007	1	                 225
  3            28	   00000010	00000010	0000	xxxxxxxx	00000007	1	                 227
  4            28	   00000010	00000014	0000	xxxxxxxx	00000007	1	                 229
 10            28	   00000010	00000014	0000	00000000	00000007	0	                 231
  1            28	   00000010	00000014	0000	00000000	00000007	0	                 233
  2            16	   00000010	00000014	0000	00000010	00000007	0	                 235
  3            16	   00000014	00000014	0000	00000000	00000007	0	                 237
  4            16	   00000014	00000018	0000	00000000	00000007	0	                 239
 10            16	   00000014	00000018	0000	00000064	00000007	0	                 241
  1            16	   00000014	00000018	0000	00000064	00000007	0	                 243
  2            20	   00000014	00000018	0000	00000014	00000007	0	                 245
  3            20	   00000018	00000018	0000	0000007d	00000007	0	                 247
  4            20	   00000018	0000001c	0000	0000007d	00000007	0	                 249
 13            20	   00000018	0000001c	0000	ffffffd8	00000007	0	                 251
  1            20	   00000018	0000001c	0000	00000003	00000007	0	                 253
  2            24	   00000018	0000001c	0000	00000018	00000007	0	                 255
  3            24	   0000001c	0000001c	0000	ffffffd7	00000007	0	                 257
  4            24	   0000001c	00000020	0000	ffffffd7	00000007	0	                 259
 49            24	   0000001c	00000020	0000	xxxxxxxx	00000007	1	                 261
 50            28	   0000001c	00000020	0000	0000001c	00000007	1	                 263
  2            28	   0000001c	00000010	0000	xxxxxxxx	00000007	1	                 265
  3            28	   00000010	00000010	0000	xxxxxxxx	00000007	1	                 267
  4            28	   00000010	00000014	0000	xxxxxxxx	00000007	1	                 269
 10            28	   00000010	00000014	0000	00000000	00000007	0	                 271
  1            28	   00000010	00000014	0000	00000000	00000007	0	                 273
  2            16	   00000010	00000014	0000	00000010	00000007	0	                 275
  3            16	   00000014	00000014	0000	00000000	00000007	0	                 277
  4            16	   00000014	00000018	0000	00000000	00000007	0	                 279
 10            16	   00000014	00000018	0000	0000007d	00000007	0	                 281
  1            16	   00000014	00000018	0000	0000007d	00000007	0	                 283
  2            20	   00000014	00000018	0000	00000014	00000007	0	                 285
  3            20	   00000018	00000018	0000	00000096	00000007	0	                 287
  4            20	   00000018	0000001c	0000	00000096	00000007	0	                 289
 13            20	   00000018	0000001c	0000	ffffffd7	00000007	0	                 291
  1            20	   00000018	0000001c	0000	00000002	00000007	0	                 293
  2            24	   00000018	0000001c	0000	00000018	00000007	0	                 295
  3            24	   0000001c	0000001c	0000	ffffffd6	00000007	0	                 297
  4            24	   0000001c	00000020	0000	ffffffd6	00000007	0	                 299
 49            24	   0000001c	00000020	0000	xxxxxxxx	00000007	1	                 301
 50            28	   0000001c	00000020	0000	0000001c	00000007	1	                 303
  2            28	   0000001c	00000010	0000	xxxxxxxx	00000007	1	                 305
  3            28	   00000010	00000010	0000	xxxxxxxx	00000007	1	                 307
  4            28	   00000010	00000014	0000	xxxxxxxx	00000007	1	                 309
 10            28	   00000010	00000014	0000	00000000	00000007	0	                 311
  1            28	   00000010	00000014	0000	00000000	00000007	0	                 313
  2            16	   00000010	00000014	0000	00000010	00000007	0	                 315
  3            16	   00000014	00000014	0000	00000000	00000007	0	                 317
  4            16	   00000014	00000018	0000	00000000	00000007	0	                 319
 10            16	   00000014	00000018	0000	00000096	00000007	0	                 321
  1            16	   00000014	00000018	0000	00000096	00000007	0	                 323
  2            20	   00000014	00000018	0000	00000014	00000007	0	                 325
  3            20	   00000018	00000018	0000	000000af	00000007	0	                 327
  4            20	   00000018	0000001c	0000	000000af	00000007	0	                 329
 13            20	   00000018	0000001c	0000	ffffffd6	00000007	0	                 331
  1            20	   00000018	0000001c	0000	00000001	00000007	0	                 333
  2            24	   00000018	0000001c	0000	00000018	00000007	0	                 335
  3            24	   0000001c	0000001c	0000	ffffffd5	00000007	0	                 337
  4            24	   0000001c	00000020	0000	ffffffd5	00000007	0	                 339
 49            24	   0000001c	00000020	0000	xxxxxxxx	00000007	1	                 341
 50            28	   0000001c	00000020	0000	0000001c	00000007	1	                 343
  2            28	   0000001c	00000010	0000	xxxxxxxx	00000007	1	                 345
  3            28	   00000010	00000010	0000	xxxxxxxx	00000007	1	                 347
  4            28	   00000010	00000014	0000	xxxxxxxx	00000007	1	                 349
 10            28	   00000010	00000014	0000	00000000	00000007	0	                 351
  1            28	   00000010	00000014	0000	00000000	00000007	0	                 353
  2            16	   00000010	00000014	0000	00000010	00000007	0	                 355
  3            16	   00000014	00000014	0000	00000000	00000007	0	                 357
  4            16	   00000014	00000018	0000	00000000	00000007	0	                 359
 10            16	   00000014	00000018	0000	000000af	00000007	0	                 361
  1            16	   00000014	00000018	0000	000000af	00000007	0	                 363
  2            20	   00000014	00000018	0000	00000014	00000007	0	                 365
  3            20	   00000018	00000018	0000	000000c8	00000007	0	                 367
  4            20	   00000018	0000001c	0000	000000c8	00000007	0	                 369
 13            20	   00000018	0000001c	0000	ffffffd5	00000007	0	                 371
  1            20	   00000018	0000001c	0001	00000000	00000007	0	                 373
  2            24	   00000018	0000001c	0001	00000018	00000007	0	                 375
  3            24	   0000001c	0000001c	0001	ffffffd4	00000007	0	                 377
  4            24	   0000001c	00000020	0001	ffffffd4	00000007	0	                 379
  1            24	   0000001c	00000020	0001	xxxxxxxx	00000007	0	                 381
  2            28	   0000001c	00000020	0001	0000001c	00000007	0	                 383
  3            28	   00000020	00000020	0001	xxxxxxxx	00000007	0	                 385
  4            28	   00000020	00000024	0001	xxxxxxxx	00000007	0	                 387
 10            28	   00000020	00000024	0001	00000000	00000007	0	                 389
  1            28	   00000020	00000024	0001	00000000	00000007	0	                 391
  2            32	   00000020	00000024	0001	00000020	00000007	0	                 393
  3            32	   00000024	00000024	0001	00000000	00000007	0	                 395
  4            32	   00000024	00000028	0001	00000000	00000007	0	                 397
 35            32	   00000024	00000028	0001	00000000	00000007	0	                 399
 26            45	   00000024	00000028	0001	0000002d	00000007	0	                 401
 27            45	   00000024	00000028	0001	000000af	000000af	0	                 403
 28            45	   00000024	00000028	0001	00000000	000000af	0	                 405
  1            45	   00000024	00000028	0001	00000000	000000af	0	                 407
  2            36	   00000024	00000028	0001	00000024	000000af	0	                 409
  3            36	   00000028	00000028	0001	00000000	000000af	0	                 411
  4            36	   00000028	0000002c	0001	00000000	000000af	0	                 413
 49            36	   00000028	0000002c	0001	00000000	000000af	1	                 415
 50            40	   00000028	0000002c	0001	00000028	000000af	1	                 417
  2            40	   00000028	00000030	0001	00000000	000000af	1	                 419
  3            40	   00000030	00000030	0001	00000000	000000af	1	                 421
  4            40	   00000030	00000034	0001	00000000	000000af	1	                 423
 10            40	   00000030	00000034	0001	00000000	000000af	0	                 425
  1            40	   00000030	00000034	0001	00000000	000000af	0	                 427
  2            48	   00000030	00000034	0001	00000030	000000af	0	                 429
  3            48	   00000034	00000034	0001	00000000	000000af	0	                 431
  4            48	   00000034	00000038	0001	00000000	000000af	0	                 433
 49            48	   00000034	00000038	0001	00000000	000000af	1	                 435
 50            52	   00000034	00000038	0001	00000034	000000af	1	                 437
  2            52	   00000034	00000030	0001	00000000	000000af	1	                 439
  3            52	   00000030	00000030	0001	00000000	000000af	1	                 441
  4            52	   00000030	00000034	0001	00000000	000000af	1	                 443
 10            52	   00000030	00000034	0001	00000000	000000af	0	                 445
  1            52	   00000030	00000034	0001	00000000	000000af	0	                 447
  2            48	   00000030	00000034	0001	00000030	000000af	0	                 449
  3            48	   00000034	00000034	0001	00000000	000000af	0	                 451
  4            48	   00000034	00000038	0001	00000000	000000af	0	                 453
 49            48	   00000034	00000038	0001	00000000	000000af	1	                 455
 50            52	   00000034	00000038	0001	00000034	000000af	1	                 457
  2            52	   00000034	00000030	0001	00000000	000000af	1	                 459
  3            52	   00000030	00000030	0001	00000000	000000af	1	                 461
  4            52	   00000030	00000034	0001	00000000	000000af	1	                 463
 10            52	   00000030	00000034	0001	00000000	000000af	0	                 465
  1            52	   00000030	00000034	0001	00000000	000000af	0	                 467
  2            48	   00000030	00000034	0001	00000030	000000af	0	                 469
  3            48	   00000034	00000034	0001	00000000	000000af	0	                 471
  4            48	   00000034	00000038	0001	00000000	000000af	0	                 473
 49            48	   00000034	00000038	0001	00000000	000000af	1	                 475
 50            52	   00000034	00000038	0001	00000034	000000af	1	                 477
  2            52	   00000034	00000030	0001	00000000	000000af	1	                 479
  3            52	   00000030	00000030	0001	00000000	000000af	1	                 481
  4            52	   00000030	00000034	0001	00000000	000000af	1	                 483
 10            52	   00000030	00000034	0001	00000000	000000af	0	                 485
  1            52	   00000030	00000034	0001	00000000	000000af	0	                 487
  2            48	   00000030	00000034	0001	00000030	000000af	0	                 489
  3            48	   00000034	00000034	0001	00000000	000000af	0	                 491
  4            48	   00000034	00000038	0001	00000000	000000af	0	                 493
 49            48	   00000034	00000038	0001	00000000	000000af	1	                 495
 50            52	   00000034	00000038	0001	00000034	000000af	1	                 497
  2            52	   00000034	00000030	0001	00000000	000000af	1	                 499
  3            52	   00000030	00000030	0001	00000000	000000af	1	                 501
  4            52	   00000030	00000034	0001	00000000	000000af	1	                 503
 10            52	   00000030	00000034	0001	00000000	000000af	0	                 505
  1            52	   00000030	00000034	0001	00000000	000000af	0	                 507
  2            48	   00000030	00000034	0001	00000030	000000af	0	                 509
  3            48	   00000034	00000034	0001	00000000	000000af	0	                 511
  4            48	   00000034	00000038	0001	00000000	000000af	0	                 513
 49            48	   00000034	00000038	0001	00000000	000000af	1	                 515
 50            52	   00000034	00000038	0001	00000034	000000af	1	                 517
  2            52	   00000034	00000030	0001	00000000	000000af	1	                 519
  3            52	   00000030	00000030	0001	00000000	000000af	1	                 521
  4            52	   00000030	00000034	0001	00000000	000000af	1	                 523
 10            52	   00000030	00000034	0001	00000000	000000af	0	                 525
  1            52	   00000030	00000034	0001	00000000	000000af	0	                 527
  2            48	   00000030	00000034	0001	00000030	000000af	0	                 529
  3            48	   00000034	00000034	0001	00000000	000000af	0	                 531
  4            48	   00000034	00000038	0001	00000000	000000af	0	                 533
 49            48	   00000034	00000038	0001	00000000	000000af	1	                 535
 50            52	   00000034	00000038	0001	00000034	000000af	1	                 537
  2            52	   00000034	00000030	0001	00000000	000000af	1	                 539
  3            52	   00000030	00000030	0001	00000000	000000af	1	                 541
  4            52	   00000030	00000034	0001	00000000	000000af	1	                 543
 10            52	   00000030	00000034	0001	00000000	000000af	0	                 545
  1            52	   00000030	00000034	0001	00000000	000000af	0	                 547
  2            48	   00000030	00000034	0001	00000030	000000af	0	                 549
  3            48	   00000034	00000034	0001	00000000	000000af	0	                 551
  4            48	   00000034	00000038	0001	00000000	000000af	0	                 553
 49            48	   00000034	00000038	0001	00000000	000000af	1	                 555
 50            52	   00000034	00000038	0001	00000034	000000af	1	                 557
  2            52	   00000034	00000030	0001	00000000	000000af	1	                 559
  3            52	   00000030	00000030	0001	00000000	000000af	1	                 561
  4            52	   00000030	00000034	0001	00000000	000000af	1	                 563
 10            52	   00000030	00000034	0001	00000000	000000af	0	                 565
  1            52	   00000030	00000034	0001	00000000	000000af	0	                 567
  2            48	   00000030	00000034	0001	00000030	000000af	0	                 569
  3            48	   00000034	00000034	0001	00000000	000000af	0	                 571
  4            48	   00000034	00000038	0001	00000000	000000af	0	                 573
 49            48	   00000034	00000038	0001	00000000	000000af	1	                 575
 50            52	   00000034	00000038	0001	00000034	000000af	1	                 577
  2            52	   00000034	00000030	0001	00000000	000000af	1	                 579
  3            52	   00000030	00000030	0001	00000000	000000af	1	                 581
  4            52	   00000030	00000034	0001	00000000	000000af	1	                 583
 10            52	   00000030	00000034	0001	00000000	000000af	0	                 585
  1            52	   00000030	00000034	0001	00000000	000000af	0	                 587
  2            48	   00000030	00000034	0001	00000030	000000af	0	                 589
  3            48	   00000034	00000034	0001	00000000	000000af	0	                 591
  4            48	   00000034	00000038	0001	00000000	000000af	0	                 593
 49            48	   00000034	00000038	0001	00000000	000000af	1	                 595
 50            52	   00000034	00000038	0001	00000034	000000af	1	                 597
  2            52	   00000034	00000030	0001	00000000	000000af	1	                 599
